-1511.5610
-1042.2422
-1456.7700
-1208.9653
-1542.1903
-1595.2018
-1153.8293
-1684.8176
-1187.8299
-1591.1787
-1357.8697
-1211.0002
-1507.8707
-1302.3154
-1203.2356
-1198.1411
-993.6150
-1214.1953
-1590.0502
-1185.5303
-1206.1246
-1694.0253
-1806.3806
-1606.1396
-998.1268
-1543.7202
-1544.9065
-1030.7134
-1238.6035
-1742.3980
-1511.8402
-1385.0209
-1000.0132
-1382.5073
-1628.7825
-1548.4051
-1680.9509
-1175.2086
-1036.3730
-1352.3120
-1543.2039
-1693.6533
-1155.5875
-1199.6262
-1215.6071
-1204.8375
-1259.4933
-1180.9255
-1192.6574
-1187.1545
-1607.6573
-1184.0049
-1081.8869
-1261.8962
-1171.8239
-1510.9296
-1061.3174
-1092.8793
-1197.4632
-1338.8398
-1206.0394
-1375.9852
-1273.1143
-1166.6535
-1169.2406
-1202.7314
-1200.8358
-1386.8103
-1598.9146
-980.9559
-1241.9198
-1127.5686
-1604.9679
-1205.6376
-1288.8258
-1039.9769
-1234.1812
-1211.7056
-1250.8414
-1067.6084
-1425.9921
-1203.6091
-1653.0422
-1182.6832
-1200.0870
-1208.4794
-1658.7092
-1300.2471
-1199.2747
-1159.8838
-1072.6875
-1164.0196
-1089.6585
-1201.6170
-996.4496
-1750.5663
-1175.6687
-1206.6438
-1197.3137
-1643.5163
-1107.7236
-1317.5916
-1573.6702
-1692.2285
-1602.0194
-1171.7398
-1158.2701
-1604.7561
-1279.7315
-1707.4276
-1190.6522
-1002.5034
-1521.1928
-1169.2145
-1196.6978
-1621.9372
-1568.9956
-961.8989
-1379.4270
-1217.5179
-1499.2499
-1174.4734
-1194.0644
-1701.6970
-1185.4092
-1212.5315
-1211.8831
-1205.0680
-1195.3178
-1398.2191
-1168.0722
-1492.6018
-965.6983
-1262.4259
-1684.7656
-1750.2443
-1164.7218
-1617.2910
-1091.1382
-1485.0145
-1186.6485
-1324.2591
-1793.7772
-1036.2194
-1198.3857
-991.5958
-1190.4235
-1347.2909
-1208.2583
-1664.7227
-1674.2349
-1374.1144
-1165.6853
-1164.3963
-1065.7339
-1255.2442
-1292.6474
-1177.7688
-1092.1943
-1209.2989
-1370.2274
-1070.4466
-1629.0986
-1195.7701
-1195.1377
-1202.8736
-963.7623
-1709.3138
-1057.2030
-1067.7237
-1595.0907
-1206.0080
-1195.4268
-1577.1455
-1424.2004
-1562.2973
-1186.8331
-1768.5091
-1202.0322
-1518.1300
-1603.3255
-1169.4857
-1412.3031
-1061.9888
-1610.8695
-1188.0738
-1206.4548
-1095.9366
-1470.6522
-1190.0188
-1057.5126
-1599.1618
-1264.0671
-1564.9209
-1176.3218
-1452.7661
-1397.3823
-1634.2361
-1571.4096
-1005.4133
-1704.7112
-1194.0081
-1176.3718
-1184.4530
-1066.5172
-988.1541
-1083.0000
-1268.6411
-1221.0019
-1043.7123
-1263.9385
-1264.7617
-1208.0375
-1209.2289
-1583.3261
-1182.7726
-1167.7242
-1072.2392
-1668.4711
-1666.7971
-1033.9588
-1179.9975
-1047.5493
-1435.5350
-1621.8174
-1210.2007
-1730.0771
-1311.0581
-1745.8436
-955.7215
-1351.4371
-1481.3879
-1196.1605
-1203.1050
-1286.2212
-1620.1032
-1195.0463
-965.4620
-1086.7962
-1351.6763
-1204.0780
-1538.8615
-1169.7165
-1188.8480
-1720.2831
-1194.9890
-1789.4966
-1641.8418
-1524.8498
-1109.1970
-1124.4906
-1495.0452
-1204.1292
-1780.7733
-1166.1571
-1355.1998
-1066.5045
-1379.7797
-1499.4803
-1503.2534
-1373.7645
-1613.8956
-963.3691
-1179.5767
-1283.6707
-1211.5896
-1522.0078
-1480.6777
-1409.5712
-1458.6272
-1577.8779
-1213.4881
-1479.8167
-1168.9082
-1216.1454
-1402.8596
-1210.1411
-1520.0992
-1591.9754
-1164.7288
-1376.2220
-1201.5868
-1338.4260
-1306.8133
-1231.5120
-1361.9142
-1403.2500
-1671.9118
-1397.3426
-958.1419
-958.3552
-1462.9963
-1284.4894
-1233.8130
-966.7062
-1290.2891
-1231.1378
-1296.6862
-1114.4084
-1174.9482
-846.4713
-1518.4101
-1206.3221
-1545.3009
-1657.9646
-1268.7551
-1210.6263
-955.7097
-1264.7691
-1123.5390
-1461.6251
-1059.5869
-1450.3971
-1370.5914
-1435.2893
-1398.9377
-1456.5790
-1429.4394
-1347.4634
-1584.7875
-1429.1210
-1272.6144
-1459.0336
-1299.8625
-967.2837
-1397.1867
-1539.5509
-1415.4941
-1514.4079
-1516.9648
-1376.9589
-1475.8236
-1303.5781
-1339.1251
-1417.3854
-1043.5475
-1478.9874
-1355.4584
-1412.4522
-1649.6787
-1288.9124
-1539.3907
-1560.3809
-1561.5884
-1154.2940
-1556.5594
-1615.1924
-1484.7568
-1219.0592
-1360.7273
-1275.1256
-1321.5500
-1222.1844
-1307.0807
-1448.5953
-1295.2584
-1440.8513
-1522.7046
-1506.6509
-1392.0922
-1583.5452
-1507.0283
-1480.9770
-1568.5643
-1436.8102
-1516.6622
-1197.5296
-1401.9511
-1466.9139
-1376.2654
-1520.3418
-1161.3354
-1431.8227
-1347.6429
-1385.1176
-1224.0385
-1545.0020
-1578.0667
-1505.7117
-1418.6443
-1311.4887
-1575.9981
-1185.6951
-1559.1321
-1562.4671
-1396.3605
-1455.1988
-1557.6688
-1181.3871
-1553.0764
-1520.5627
-1548.7162
-1365.9985
-1262.6824
-1514.6191
-1339.9872
-1560.3822
-1312.2406
-1128.2146
-1510.6241
-1012.5397
-1581.0799
-1392.9313
-1306.1363
-1507.0742
-1274.7975
-1506.5046
-1558.9254
-1179.6597
-1412.1267
-1429.2354
-1320.6913
-1191.9520
-1548.5882
-1260.5459
-1562.3050
-1607.2880
-1558.0805
-1278.4252
-1338.7596
-1523.7946
-1064.6255
-1166.1408
-1425.1584
-1195.9012
-1381.0080
-1086.4024
-1575.3426
-1567.0388
-1410.5294
-1236.8510
-1418.4967
-1541.2376
-1361.6441
-1554.7575
-1441.0918
-1292.2660
-1163.6061
-1339.8715
-1425.6289
-1466.7594
-1578.8150
-1085.5092
-1620.8489
-1082.9024
-1515.8867
-1440.6522
-1607.5647
-1407.0643
-1577.6720
-1624.8554
-1491.3389
-1141.4241
-1232.1917
-1448.8780
-1197.6488
-1513.8465
-1335.3681
-1322.8180
-1416.3389
-1066.5563
-1252.0761
-1306.8096
-1432.0064
-1641.0548
-1069.7620
-1558.9497
-1175.0422
-1600.5231
-1159.1679
-1434.0487
-1330.1149
-1163.0998
-1441.5007
-1451.2306
-1488.4988
-1387.7216
-1551.0066
-1082.7451
-1323.0079
-1156.0057
-1435.3679
-1156.5346
-1332.1110
-1391.7810
-1363.4165
-1353.0984
-1496.2944
-1472.6681
-1090.3797
-1398.4987
-1536.7668
-1611.1803
-1561.9445
-1581.9974
-1583.3767
-1510.9318
-1395.4169
-981.1172
-779.7354
-1484.1250
-1385.8468
-1434.4436
-1451.6155
-1047.5332
-1117.4242
-1383.7207
-1571.5206
-1587.8025
-1543.9737
-1563.5636
-1001.1925
-1379.1516
-1613.2424
-1598.9827
-1056.3838
-1536.1830
-1577.1949
-1352.7165
-1157.3853
-1397.3385
-1380.4429
-1388.4438
-1409.1519
-959.9746
-1528.1336
-1551.3192
-1237.1996
-1136.6197
-1503.4207
-1494.0838
-1174.9804
-1432.0199
-1250.3338
-1650.0022
-1455.6055
-1068.6727
-1586.0758
-1567.3996
-1576.2214
-1416.8030
-1363.3478
-1531.0846
-1470.6342
-1125.2122
-1620.7830
-1171.9212
-1062.0703
-1578.6198
-1045.6309
-1157.4377
-1508.3755
-1493.7799
-1212.7736
-1537.4161
-1293.5042
-1592.9716
-1300.4153
-1492.2826
-1420.1448
-1528.9013
-1506.4091
-1516.7085
-1512.7011
-1493.8145
-1589.4924
-1281.2584
-1598.7958
-1313.1917
-1583.5595
-1509.0670
-1539.4857
-1057.3940
-1175.2597
-1408.2164
-1273.2854
-1388.3876
-1530.6212
-1048.6339
-1640.9410
-1409.8627
-1390.3023
-1515.1357
-1168.7233
-1302.3513
-1051.8062
-1422.6222
-1339.6375
-1456.4556
-1186.2927
-1466.2537
-1283.3088
-1586.5947
-1538.5959
-1378.6523
-1427.8277
-1188.1468
-1527.4619
-1543.5132
-1260.8453
-1384.8549
-1537.5161
-1396.9556
-1203.0831
-1546.4393
-1341.7147
-1737.7421
-1095.6435
-1079.7130
-1282.3128
-1309.4921
-1573.1584
-1620.2440
-1303.3774
-1534.6625
-1560.8584
-1111.3209
-1402.1806
-1375.4000
-1404.7027
-1374.5585
-1097.1417
-1066.4958
-1548.6847
-1302.7413
-1323.9106
-1242.4536
-1288.5984
-1230.6202
-1337.5983
-1126.9217
-1149.3988
-985.6966
-982.8421
-1611.4850
-1571.8508
-1295.8972
-1306.6553
-918.5474
-1269.3204
-1324.0056
-1468.5491
-1518.1627
-1489.3293
-1397.1994
-1386.5654
-1313.6387
-1491.5097
-1247.8577
-1219.7811
-1467.7711
-1474.2072
-1446.4750
-1542.8364
-1649.8443
-1425.5032
-1470.6536
-1437.0352
-1587.8109
-1308.2972
-1477.6555
-1508.4503
-1485.3459
-1630.3383
-1402.5993
-1262.7679
-1405.0784
-1471.9474
-1378.7824
-953.1122
-1354.5469
-1424.3168
-1489.6155
-1391.2548
-1267.1950
-1332.8931
-1489.0051
-1318.7424
-1366.0158
-1401.8176
-1591.8573
-1342.1554
-1091.3045
-1186.6383
-1302.8675
-1057.3206
-1363.4151
-1443.3461
-1481.6682
-1441.1441
-1418.7735
-1292.4833
-1533.2799
-1565.6805
-1282.4467
-1426.1969
-1371.6120
-1245.2987
-1364.7330
-1347.5385
-1494.2153
-1159.8623
-1417.7829
-1226.8345
-1502.3343
-1355.6125
-1501.9209
-1355.3532
-1494.5332
-1313.9280
-1519.9774
-1461.8606
-1479.5716
-1432.7817
-1167.1073
-1485.5311
-1360.7636
-1058.0603
-1293.8947
-1223.5521
-1111.2126
-1254.5791
-1213.7832
-1215.3711
-1512.2178
-1526.9382
-1163.4584
-1409.9628
-1443.5349
-1272.3923
-1472.1267
-1232.0848
-1147.8850
-1510.4555
-1510.8460
-1062.1898
-1547.7024
-1066.1666
-1532.3499
-1070.1003
-1557.0312
-1165.3214
-1504.4236
-1188.0831
-1192.3456
-1566.0781
-1566.2993
-1284.2090
-1263.2317
-952.0934
-1519.3728
-1484.5896
-1201.8491
-1579.6879
-1557.3559
-1397.2801
-1202.1745
-1144.9657
-1276.0669
-1350.0061
-1564.7699
-1578.0196
-1400.5909
-1477.3387
-1467.9237
-1284.9062
-1230.8438
-1428.1399
-1535.4827
-1409.3847
-1442.5519
-1314.7433
-1471.5560
-1437.1480
-1307.7484
-1461.6937
-1600.1913
-1596.8128
-1441.8179
-1570.0690
-1559.2598
-1429.8505
-1524.0944
-1105.2942
-1231.7141
-1428.4971
-1463.9443
-1168.2638
-1470.6834
-1302.6069
-1166.6063
-1511.5655
-1338.3761
-1349.4748
-1330.1992
-1357.9057
-1349.7019
-1254.8502
-1381.5877
-1587.6041
-1481.4063
-1574.1927
-1417.0467
-1320.4598
-1498.7062
-1166.9149
-1323.7730
-1185.2666
-981.7933
-1436.1973
-1447.7965
-1502.7401
-1354.4573
-1380.1547
-1420.8662
-1543.4749
-1417.2851
-1310.7346
-1552.7456
-1235.8707
-1453.5579
-1336.4574
-1552.8687
-1546.7107
-1550.0272
-1211.0131
-1549.4554
-1543.5768
-1565.5101
-1487.5306
-1491.1815
-1377.5472
-1508.4419
-1355.0680
-1307.3736
-1555.5857
-1101.5731
-1348.3646
-1165.4059
-1345.0129
-1093.2329
-1146.6987
-1459.0691
-1358.0750
-1265.8184
-1359.5233
-1164.2580
-1356.8591
-1531.9348
-1562.1436
-1499.3856
-1339.3953
-1429.6479
-1540.0050
-1479.1217
-1396.7541
-1458.4411
-1264.5698
-1328.0954
-1374.3765
-1578.4265
-1395.8801
-1509.0373
-1230.9708
-843.4187
-1564.2477
-1462.1864
-1562.6813
-1515.8231
-1220.6935
-1290.6737
-1573.1471
-1282.8627
-1399.9606
-1437.6007
-1480.7702
-1460.6971
-1373.7597
-1372.7791
-1084.4819
-1554.0426
-1473.2886
-1457.0443
-967.1709
-1436.5602
-1535.6438
-1426.9773
-1559.2639
-1407.9708
-1269.8184
-1564.3994
-1522.2717
-1178.5789
-1554.7938
-1247.2503
-1442.7250
-1568.9309
-1388.4816
-1472.8603
-1463.6809
-1424.6026
-1457.6820
-1094.6185
-1394.4231
-1518.0577
-1468.2687
-1560.0010
-1555.8543
-1544.9430
-1608.8624
-1452.9968
-1532.5067
-1421.5627
-1483.3776
-1441.2109
-1271.1065
-1404.6238
-1324.7871
-1512.8210
-1439.9816
-1293.2774
-1368.9651
-1061.3368
-1520.1734
-1603.0147
-1441.8446
-1165.2088
-1191.0316
-1045.9197
-1171.7058
-1388.2952
-1441.4699
-1198.8488
-1356.2187
-1452.7567
-1518.4180
-1249.7801
-1343.5199
-1090.4573
-1447.3118
-1190.9359
-1026.2049
-1521.0648
-1241.8054
-1134.7048
-1405.5596
-1392.6823
-1491.3423
-1469.5662
-1280.4596
-1549.6982
-1222.7864
-1513.1846
-1561.3207
-1626.1351
-1271.7582
-1177.4410
-1511.0209
-1397.6823
-1398.2757
-1488.7031
-1568.9382
-1436.1544
-1467.6652
-1447.1459
-1309.4504
-1574.7643
-1286.5324
-1376.7702
-936.8935
-1321.0312
-1165.7741
-1359.4473
-1573.4706
-1361.6854
-1461.1563
-1570.0711
-1309.4664
-1524.5247
-1062.2545
-1503.1976
-1412.0525
-1236.7817
-1461.0069
-1576.5826
-1567.5146
-1257.6920
-1520.9969
-1553.0420
-1303.0305
-1546.2814
-1317.6607
-1472.7468
-1259.0848
-1402.8563
-1325.9858
-1476.8808
-1521.7680
-1482.5434
-1598.7023
-1301.1455
-1595.2095
-1273.7331
-1607.1574
-1592.3877
-1305.8633
-1182.5471
-1311.9312
-1555.5153
-1400.6892
-1449.4710
-1452.6922
-1194.6672
-1278.7676
-1606.3029
-1177.0286
-1609.7985
-1601.8370
-1408.5689
-1618.5613
-1553.2249
-1507.7437
-1586.0721
-1511.6391
-1595.9271
-1486.5672
-1626.3765
-1262.3415
-1414.2812
-1442.2468
-1600.8303
-1538.8173
-1604.1459
-1468.7312
-1484.6306
-1368.3687
-1536.3175
-1646.5521
-1592.4997
-1619.2383
-1481.2057
-1548.1590
-1565.2182
-1396.7746
-1634.2099
-1390.5702
-1623.3828
-1399.0591
-1332.2531
-1630.3834
-1282.0106
-1113.0484
-1515.8321
-1463.0470
-1226.7550
-1457.8732
-1200.4940
-1356.3343
-1573.5983
-1165.1786
-1549.6589
-1592.8526
-1558.0300
-1393.2155
-1523.3489
-1556.8970
-1450.6502
-1582.8995
-1191.6964
-1011.4374
-1617.2712
-1529.0302
-1508.7405
-1572.3058
-1557.1694
-1283.8187
-1326.8153
-1244.5136
-1488.3353
-1464.1643
-1486.1265
-1492.8980
-1368.0148
-1555.4180
-1174.5849
-1462.9605
-1307.1086
-1470.4181
-1575.2503
-1273.1962
-1362.4074
-1318.0255
-1545.6906
-1567.8465
-1322.9985
-1502.3721
-1182.4787
-1474.2440
-1336.9688
-1278.8944
-1502.9931
-1503.2605
-1390.3617
-1610.6863
-986.6493
-1395.3238
-1382.9992
-1066.9239
-1338.2315
-1274.3676
-1454.1882
-1341.9815
-1413.4406
-1352.5413
-1561.4902
-1287.3353
-1082.9897
-1199.1140
-1103.0072
-1483.2914
-1377.5057
-1380.3063
-1334.6677
-1436.4730
-1344.1899
-1518.5738
-1469.9432
-1349.5462
-1480.4652
-1228.9392
-1241.0120
-1216.5553
-1316.5488
-1393.4327
-1435.5978
-1117.8359
-1575.1565
-1564.9850
-1504.8542
-1535.8882
-1522.2904
-1496.3886
-1111.8019
-1583.2708
-1618.6379
-1424.3998
-1571.6314
-1608.8238
-1395.6510
-1592.6167
-1516.6598
-1463.8944
-1371.3388
-1341.3823
-1465.7964
-1293.7398
-1495.6265
-1504.1420
-1548.1088
-1268.4764
-1427.9994
-1415.2030
-1529.1904
-1165.5865
-1502.9543
-1187.9405
-1602.8780
-1264.5932
-1613.4155
-1348.8960
-1600.0990
-1491.2252
-1610.5853
-1332.9719
-1182.9076
-1548.3364
-1029.6441
-1633.3100
-1521.3568
-1422.7586
-1483.5895
-1642.2044
-1476.3246
-1505.0774
-1614.3319
-1231.4859
-1056.9973
-1592.8764
-1642.7024
-1553.6655
-1606.0655
-1629.7066
-1639.8682
-1597.1195
-1429.1042
-950.9146
-1648.6409
-1531.8660
-1394.3293
-1632.8380
-1535.6681
-1651.8285
-1612.7879
-1519.5300
-1590.3382
-1613.3260
-1299.3106
-1436.7360
-1548.4050
-1628.4780
-1319.7191
-1476.5297
-1543.9461
-1637.0825
-1505.3888
-1551.2726
-1145.2857
-1594.6885
-1558.3274
-1413.0422
-1271.2255
-1591.5220
-936.2903
-1577.6208
-1501.1515
-1603.1300
-1620.4391
-1592.1589
-1486.8141
-1416.1694
-1507.6320
-1563.1463
-1531.7809
-1475.9450
-1230.9527
-1388.4715
-1555.0289
-1609.3139
-1312.8187
-1416.2476
-1447.4223
-1646.9374
-1259.3321
-1392.0122
-1176.5759
-1489.8876
-1384.7418
-1313.5483
-1248.9023
-1489.7630
-817.8940
-1582.5610
-1352.4987
-1431.6418
-1085.4770
-1449.3551
-1159.2846
-1486.1642
-1213.6979
-1425.7318
-1635.1230
-1588.7591
-1053.6372
-1173.9445
-1634.8629
-1291.8372
-1557.6215
-1325.4484
-1532.1720
-1528.6038
-1270.0101
-1129.7087
-1608.0803
-1620.0102
-1639.4443
-1588.4856
-1635.8931
-938.0938
-1588.9706
-1203.9365
-1643.9397
-1605.6716
-1627.0641
-1610.6226
-1180.6355
-1483.2008
-1517.8329
-1493.9399
-1355.3069
-1595.7853
-1648.0002
-1628.8507
-1591.3674
-1180.6777
-1550.8464
-1544.4892
-1233.1700
-1528.3146
-956.2238
-1521.5945
-1340.3094
-1343.2907
-1642.2733
-1491.8526
-1380.1032
-1573.1100
-1071.8574
-1431.1540
-1274.1454
-1442.1975
-1572.9539
-1504.9944
-1444.1882
-1584.7713
-1485.6512
-943.0157
-1540.3234
-1631.7365
-1332.3306
-1089.9203
-1643.1282
-1048.3305
-1326.0152
-1228.0048
-1056.7601
-1129.5013
-1516.0135
-1138.8566
-1558.3901
-1510.4550
-1398.2285
-1332.1485
-1507.7312
-1413.8087
-1495.2408
-1354.8857
-1077.9420
-1458.1970
-1456.4497
-1219.6841
-1312.7282
-1478.2593
-1576.3042
-1612.4264
-1390.1528
-1392.8442
-1070.3574
-1508.3043
-1285.2506
-1508.2379
-1503.1460
-1377.6766
-1575.0536
-1456.6026
-1102.1248
-1370.7605
-1386.0539
-931.3963
-971.9321
-1607.5342
-1298.2937
-1211.2785
-1427.5362
-1319.7009
-1474.0847
-1447.9704
-1566.9583
-1435.3691
-1290.4699
-1351.2173
-1511.5295
-1383.8408
-1444.2109
-1214.9494
-1279.8851
-1150.7969
-1119.0259
-1615.0464
-1312.8034
-853.6753
-1463.3965
-1068.2975
-1452.0583
-1501.6340
-1281.4048
-1576.4201
-754.2201
-1419.5905
-1547.1035
-1212.3700
-1225.2200
-1418.6033
-1430.6723
-1289.7817
-1587.5543
-1318.2376
-1299.3122
-1600.2699
-1272.7698
-1428.4111
-1576.0746
-1590.3106
-1403.4979
-1313.1402
-1360.1778
-1454.5097
-1448.6860
-1565.0387
-1264.5073
-1359.1007
-1548.1727
-1389.4986
-1514.6850
-1015.1851
-1423.5785
-1289.8118
-1592.4027
-1523.3664
-1270.0587
-1178.8891
-1587.9556
-1437.8329
-1597.1779
-1512.3414
-1273.6701
-1613.1612
-1220.9498
-1434.8015
-1532.2964
-1175.8828
-1467.3827
-1179.1152
-980.2493
-1626.4776
-1387.6903
-1614.3084
-1581.5179
-1512.1429
-1547.5535
-1607.8533
-1393.9093
-1504.3844
-1215.5034
-1508.3244
-1517.0809
-1311.7458
-1582.4688
-1616.3776
-1342.4062
-1458.8730
-1253.2610
-1494.5508
-1510.7659
-1238.5624
-1124.1554
-1165.3426
-1076.0205
-1240.5766
-1634.6874
-1238.2026
-1404.0871
-1568.3573
-1352.0831
-1450.6434
-1469.8542
-982.3936
-1419.8483
-1237.6422
-1601.9887
-1578.7761
-1320.4878
-1422.4035
-1629.6532
-1480.7880
-1396.4794
-957.4834
-1061.9457
-1619.0883
-1344.2514
-1349.1991
-1352.3061
-1560.3976
-1042.5261
-1498.4938
-1225.9460
-1557.8606
-1088.6306
-1456.5871
-1227.6914
-1298.9508
-1269.5086
-1444.5555
-1525.2253
-848.4079
-1526.0798
-983.4586
-1641.9591
-1412.2580
-1206.5675
-1461.3280
-1079.4935
-1525.0210
-1352.5641
-1298.4187
-1451.9012
-1335.5856
-1185.8609
-986.7148
-1169.9462
-1549.5500
-1406.3717
-1511.5271
-1392.4985
-1616.8781
-1010.6680
-1243.8555
-1355.3394
-1257.9314
-1602.7661
-1570.8316
-1420.6107
-1616.3130
-1296.3541
-1372.2634
-1280.3739
-848.3176
-1236.2620
-1116.7756
-1367.3246
-1561.1799
-1430.3963
-1414.6749
-1503.9915
-1297.0429
-1562.1545
-1401.2542
-1463.2291
-1028.8680
-1391.8525
-1294.6325
-1425.6374
-1416.0614
-1604.0994
-1563.8540
-1113.8622
-1611.3739
-1408.7819
-1505.6712
-1522.6903
-1605.7493
-1431.5321
-1606.3892
-1218.8742
-1122.7311
-1590.0534
-1640.6288
-1476.0704
-1461.8185
-1641.1383
-1614.9128
-1208.1758
-1466.3532
-1400.1406
-1504.4716
-1507.8490
-1411.2496
-1331.2624
-1360.1639
-1306.1979
-1228.8780
-1318.4169
-1469.8917
-1351.3997
-1261.2730
-1433.7649
-1119.5848
-1497.1956
-1624.7728
-1089.7922
-1413.6296
-1422.0757
-1448.0554
-1131.1446
-1421.1425
-1345.0823
-1216.4764
-1344.2628
-1532.5916
-1029.6183
-1327.9442
-1229.2331
-1582.3649
-1192.3270
-1088.2649
-1349.6515
-1192.6161
-1195.9304
-1230.3918
-1048.7665
-1186.0059
-1389.3549
-1431.4251
-1482.4161
-993.8887
-1639.0614
-1558.3993
-1221.3412
-1203.1783
-999.0745
-1099.1668
-1115.1526
-1317.7624
-1239.1372
-1082.4843
-1257.2874
-1598.7294
-1341.9552
-1170.5423
-1190.4325
-1600.7271
-1433.1469
-1161.3003
-1243.2877
-1160.8142
-1358.7175
-1518.1126
-1619.8861
-1411.5878
-1447.2534
-1595.7496
-1406.3132
-1584.5102
-1422.1754
-1002.7911
-1407.0755
-1467.6076
-1415.4969
-1187.2298
-1262.8418
-1076.1185
-1132.4108
-1139.3672
-1524.9151
-1545.4242
-1485.2681
-1562.9578
-1180.4184
-1576.7562
-1415.6606
-1592.5929
-1621.7719
-1168.0127
-1384.2358
-1305.7857
-1556.9660
-1329.1495
-1006.0998
-1159.1591
-1171.3165
-1598.4242
-1433.4725
-1488.7391
-1474.5482
-1552.9065
-1590.0102
-1248.1801
-1396.0897
-1476.7884
-1087.8482
-1622.2267
-1518.4579
-1237.3871
-1416.7219
-1119.2909
-1252.4727
-1566.1311
-1432.1149
-1283.3098
-1625.3360
-1188.0000
-1397.5219
-1465.8587
-1405.6933
-1251.2698
-1310.4148
-1248.0650
-1177.2752
-1046.6394
-1159.8253
-1306.4409
-1440.2170
-1592.9393
-1100.3054
-1209.3610
-1471.5096
-1176.2539
-1299.6307
-1382.4385
-1606.0395
-1503.2836
-1409.5782
-1613.8099
-1482.7049
-1368.8041
-948.1369
-1650.0980
-1406.7918
-1133.6828
-1463.9905
-1573.9368
-1532.2732
-1519.2927
-1456.9895
-1611.4424
-1562.2839
-1507.8396
-1355.1394
-1451.2977
-1525.3347
-1492.7913
-1229.9003
-1516.5769
-1433.8277
-1575.5690
-1356.6593
-1295.9867
-1569.6565
-1478.8145
-1594.1145
-1556.7464
-1496.4413
-1176.1442
-1428.4557
-1457.5044
-1485.6267
-1506.7586
-1499.0872
-1600.6321
-1446.4213
-1511.9459
-1589.7617
-1174.3701
-1239.5623
-1076.1285
-1201.2548
-1186.8982
-1118.7832
-1370.1601
-1166.6124
-1074.8935
-1247.8542
-1537.3039
-1627.5991
-1155.8565
-1256.1907
-1319.2611
-1471.5070
-1300.8219
-1510.2268
-1493.0990
-1403.0134
-1510.8726
-1451.9051
-1627.4919
-1216.0672
-1629.4302
-971.1546
-1047.6503
-1141.6380
-1334.9687
-1327.2161
-1625.2628
-1240.0716
-1350.0040
-1592.4162
-1562.2747
-1176.3250
-1308.4314
-1102.5778
-1521.3741
-1564.5236
-1612.5247
-1614.6468
-1373.5935
-1491.5145
-1544.6091
-1410.7472
-1423.0031
-1130.0220
-1425.1965
-1239.7571
-1547.5544
-1361.8095
-1517.1586
-1471.0244
-1399.5588
-1165.3266
-1333.6960
-1363.2187
-1523.0187
-1152.4024
-1507.0880
-1413.9609
-1595.4298
-1506.4076
-1087.1308
-1520.2087
-1506.0258
-1349.8101
-1585.6152
-1525.3248
-1109.6997
-1271.9609
-1520.9426
-1428.8410
-1566.2848
-950.5215
-1502.5842
-1628.0598
-1288.7497
-1378.7346
-1375.2651
-1473.0414
-1547.4969
-1314.7158
-1417.4775
-944.1335
-1001.7035
-1505.6829
-1178.3795
-1333.5100
-1585.6325
-1556.0140
-1165.8840
-1426.4831
-1578.1608
-1609.0113
-1172.5398
-1456.3660
-1156.7507
-1564.7355
-1412.5845
-1445.3104
-1255.3474
-1210.1501
-1578.2330
-1488.6114
-1112.3046
-1096.5091
-1580.4237
-1207.3402
-1072.7714
-1607.1841
-1251.5276
-1116.0520
-1183.1006
-1534.7463
-1442.8568
-1345.4897
-1474.8935
-1527.0730
-1178.2409
-839.9265
-1195.1744
-1472.1939
-1520.1455
-1337.4227
-1356.3633
-1543.2762
-1486.5356
-1594.1727
-1598.1902
-1474.0749
-1252.2263
-1593.0497
-1614.7144
-1564.9568
-1228.3352
-1614.9975
-1149.6828
-970.0414
-1183.4285
-1313.8093
-1405.2186
-1320.4817
-1217.9333
-1570.1819
-1543.5089
-1583.5124
-1347.0299
-1578.1658
-1557.7401
-1578.7127
-1518.4216
-1230.3104
-1545.6051
-1637.0839
-1511.2036
-1040.2049
-1634.8074
-1633.4911
-1514.3918
-1506.4262
-1437.1567
-1566.9799
-1583.5377
-1609.8211
-1551.0953
-1449.6975
-1190.5531
-1238.5957
-1482.7276
-1396.1259
-1243.4155
-1458.9083
-1522.5235
-1395.5086
-1517.4759
-1319.3575
-1049.4802
-1512.2079
-1177.1126
-1533.4548
-1508.5227
-1528.0178
-1092.9133
-1492.4742
-1336.6227
-1364.0861
-1273.9769
-1242.6056
-1005.7437
-1510.8890
-1258.0416
-1141.9479
-1513.0042
-1277.3907
-1383.9339
-1402.9560
-1082.8302
-1543.6486
-1340.4873
-1563.8661
-1303.5478
-1562.3998
-1515.3034
-1434.6682
-1560.5960
-1563.9372
-1465.7192
-1360.7043
-1663.4895
-953.7573
-1516.4703
-1640.8586
-1638.1071
-1472.2251
-1421.6353
-1456.0660
-1041.7192
-1046.4422
-1522.6864
-1426.2658
-1601.0761
-1626.6848
-1610.0723
-1555.4499
-1509.3689
-1573.3719
-1506.8378
-1157.9366
-1256.5764
-1293.8312
-1505.0340
-1599.3796
-1491.1521
-1480.8732
-1580.0211
-1606.1344
-1654.5917
-1319.7712
-1070.4049
-1512.9515
-1576.2480
-1412.7179
-1344.8184
-1244.5301
-1088.1069
-1546.4516
-1648.9692
-1536.9650
-1423.1372
-1629.1064
-1476.1769
-1280.2293
-1303.7618
-1269.9937
-1425.8896
-1577.1358
-1233.6778
